2 0.212387 0.68833 0.013563 0.018871
2 0.637593 0.377157 0.0261553 0.031614
1 0.289204 0.713233 0.0143025 0.0178143
6 0.302404 0.713199 0.014204 0.0174335
6 0.686305 0.37876 0.0249989 0.0319455
1 0.661972 0.377281 0.0228974 0.0278571
2 0.198486 0.688737 0.0139271 0.0168617
1 0.275517 0.713472 0.0144696 0.0182919
2 0.591947 0.417889 0.0115331 0.0132171
1 0.602885 0.538805 0.0111065 0.0135387
7 0.19071 0.644853 0.0113085 0.0149006
1 0.293462 0.36879 0.0106064 0.0135304
6 0.740364 0.499483 0.0105394 0.0121232
7 0.250545 0.532605 0.00925304 0.0132277
1 0.571671 0.417643 0.0114771 0.0141243
1 0.288457 0.381875 0.0102762 0.0129909
1 0.958999 0.55271 0.0102232 0.0137259
1 0.574569 0.401979 0.0125908 0.0145117
2 0.803944 0.499955 0.00992096 0.0125597
3 0.494153 0.710323 0.0131549 0.0159767
2 0.623935 0.539347 0.0121988 0.013497
0 0.58175 0.417515 0.0101957 0.0130141
1 0.29817 0.382102 0.0101615 0.0137377
1 0.261571 0.713562 0.0136675 0.0167135
1 0.944405 0.552791 0.0103308 0.0130274
2 0.93088 0.455736 0.0103022 0.0129012
2 0.59275 0.538814 0.0112385 0.0142147
1 0.226983 0.687686 0.0152745 0.0184854
0 0.201037 0.64498 0.00902456 0.0136228
1 0.804085 0.379635 0.0240766 0.0282088
1 0.45392 0.710994 0.0138019 0.0170122
9 0.310583 0.533883 0.0125407 0.0151965
6 0.3304 0.712932 0.0146752 0.0175384
