4 0.764185 0.515549 0.0160584 0.0152254
5 0.392538 0.433251 0.0190405 0.0238688
7 0.694873 0.390034 0.0149859 0.0162939
1 0.231436 0.806569 0.0134946 0.0125171
2 0.682325 0.772008 0.0107771 0.0119765
2 0.370798 0.432714 0.0216601 0.025992
0 0.647901 0.748233 0.0085819 0.0136983
0 0.351184 0.807628 0.00840735 0.013695
0 0.311807 0.827892 0.00858141 0.013419
1 0.239053 0.828195 0.0133792 0.0127827
1 0.604035 0.479404 0.0142641 0.0125165
0 0.674629 0.829463 0.00857318 0.0137
6 0.419789 0.292057 0.0220208 0.0267172
8 0.303335 0.432274 0.018952 0.0231743
9 0.315502 0.525248 0.0122425 0.0146258
1 0.42523 0.478657 0.0131503 0.0125071
0 0.269252 0.827659 0.00769818 0.0128481
1 0.659573 0.390013 0.018632 0.018657
6 0.652676 0.830748 0.0123293 0.0128031
1 0.618851 0.749526 0.0147818 0.0131703
2 0.579985 0.478985 0.0106129 0.0113879
0 0.645246 0.43301 0.0122107 0.0256583
6 0.296071 0.71618 0.0143666 0.0176708
1 0.529461 0.341712 0.0203958 0.0176441
1 0.204525 0.523327 0.0122262 0.0124715
1 0.260835 0.523572 0.0131342 0.0126963
0 0.280954 0.7176 0.00976591 0.0141269
0 0.557601 0.43293 0.0123457 0.0233686
0 0.756965 0.748525 0.0100132 0.0167893
0 0.299928 0.82779 0.00871866 0.0138282
1 0.542453 0.437215 0.02133 0.018626
4 0.746074 0.515148 0.0179573 0.0184295
1 0.482912 0.478695 0.0108491 0.0120688
6 0.457933 0.385355 0.0210298 0.0244545
6 0.241042 0.520727 0.01326 0.0168866
1 0.664551 0.831029 0.0119495 0.0124754
6 0.701317 0.747611 0.0136412 0.0172445
1 0.745929 0.751156 0.0150021 0.0135086
1 0.453248 0.295132 0.0258308 0.0215431
1 0.696613 0.51757 0.0122251 0.0124633
6 0.393222 0.809947 0.0121109 0.0125711
0 0.347935 0.434071 0.0117259 0.0187078
2 0.277939 0.740102 0.0108697 0.0120486
0 0.48801 0.434629 0.0111168 0.0190035
1 0.532361 0.294922 0.0193495 0.0200446
0 0.306439 0.807201 0.00798188 0.0123579
0 0.224773 0.73746 0.00958426 0.0141744
1 0.26605 0.740116 0.0113734 0.012095
2 0.227502 0.827833 0.0122136 0.0117052
0 0.714841 0.770901 0.00912976 0.0132686
0 0.493977 0.477102 0.00933644 0.0136662
1 0.556472 0.478958 0.0124475 0.0121511
1 0.676172 0.809344 0.0134907 0.0125936
1 0.36835 0.478522 0.0119724 0.0124646
0 0.511365 0.47799 0.00890209 0.0128852
1 0.288771 0.47827 0.0119678 0.0121566
1 0.704926 0.772109 0.0127707 0.0126115
6 0.308882 0.718987 0.0119432 0.0125582
1 0.214539 0.738816 0.0116731 0.0117275
9 0.71356 0.752253 0.0129785 0.0149965
1 0.549155 0.341695 0.0214665 0.0197309
1 0.651248 0.728273 0.0125313 0.0126212
1 0.278204 0.828914 0.0120509 0.0125054
0 0.666445 0.806932 0.0136921 0.0175839
1 0.421717 0.294885 0.0196015 0.020587
