4 0.456887 0.387406 0.0189808 0.0217524
2 0.234258 0.725546 0.0193603 0.0195722
2 0.279695 0.491831 0.0133522 0.0185723
3 0.43868 0.385632 0.0181953 0.0221515
8 0.560136 0.753911 0.0208734 0.0200469
1 0.41056 0.383896 0.0203804 0.0228058
5 0.266348 0.491327 0.014448 0.0170422
7 0.33603 0.49376 0.0110685 0.0150533
3 0.391386 0.382288 0.0190116 0.0230902
1 0.374022 0.493974 0.0145472 0.015832
7 0.303893 0.342451 0.0134769 0.0204772
6 0.477688 0.548235 0.014243 0.0195562
7 0.36069 0.494015 0.0138558 0.0155632
6 0.659827 0.567067 0.0144928 0.0163422
3 0.315516 0.542362 0.0126425 0.0156295
0 0.300737 0.516947 0.00943736 0.0150222
4 0.424945 0.286755 0.0313822 0.0316029
1 0.347838 0.493679 0.0147934 0.0156097
8 0.566597 0.557833 0.014867 0.0158159
6 0.304162 0.491627 0.0125393 0.0172478
2 0.408394 0.544935 0.0136799 0.0157422
4 0.726054 0.39407 0.04646 0.058287
1 0.394927 0.544788 0.0149132 0.0165847
7 0.25998 0.516348 0.0129579 0.0147226
3 0.506796 0.499515 0.0151689 0.0196982
1 0.448471 0.497743 0.014866 0.0151146
0 0.450668 0.545796 0.0123541 0.0192028
0 0.648968 0.564714 0.0102397 0.0183021
1 0.271991 0.516108 0.0130854 0.0151626
7 0.554055 0.556684 0.0141225 0.0166728
1 0.303977 0.542089 0.0129013 0.0159706
1 0.396227 0.518442 0.0143131 0.0167315
3 0.491027 0.498328 0.0174465 0.0195472
9 0.293412 0.491754 0.0138566 0.0192178
1 0.32743 0.431103 0.0197029 0.0218841
0 0.371905 0.516497 0.0118634 0.0184501
0 0.358828 0.381666 0.0140948 0.0223638
0 0.614008 0.560557 0.00852393 0.018257
6 0.534833 0.501926 0.0149346 0.0187523
3 0.367686 0.543997 0.0128416 0.015555
0 0.460399 0.667511 0.0110496 0.0250854
0 0.503594 0.524184 0.0119818 0.0188172
1 0.307447 0.431643 0.0230068 0.0224295
0 0.614945 0.728728 0.0337964 0.0580774
0 0.454713 0.518147 0.0102092 0.0152445
0 0.424457 0.38521 0.0139636 0.0209931
8 0.527962 0.554549 0.0154075 0.0167934
7 0.345017 0.431005 0.0183688 0.0213629
0 0.43772 0.495339 0.0105914 0.0166148
0 0.269502 0.541831 0.00997069 0.0153736
0 0.315641 0.660271 0.0115273 0.0274481
0 0.477163 0.523705 0.0123606 0.0144995
