3 0.412633 0.219241 0.012477 0.0196096
4 0.294238 0.286777 0.014453 0.0190095
4 0.381331 0.226777 0.013243 0.019712
1 0.468994 0.207737 0.013289 0.0202643
1 0.584494 0.22969 0.0160887 0.0187109
9 0.539899 0.269883 0.0152977 0.0184342
8 0.596824 0.260379 0.0166182 0.0194451
1 0.266329 0.389348 0.0233444 0.0340935
6 0.923677 0.109311 0.0277968 0.0379583
4 0.401211 0.222683 0.0153122 0.0199502
6 0.481891 0.204503 0.0140815 0.0199533
7 0.392512 0.223326 0.0153056 0.0201894
8 0.601167 0.226951 0.0154464 0.0190426
0 0.540592 0.192519 0.00942686 0.02039
5 0.257462 0.290552 0.0136748 0.0165046
1 0.573746 0.264204 0.0169582 0.0181182
0 0.428783 0.216268 0.00819583 0.0191817
0 0.392032 0.224102 0.0136418 0.0200017
0 0.547674 0.191177 0.00823611 0.0204729
