1 0.9078125 0.1861111109375 0.8765625 0.2666666671875 0.9359375 0.2666666671875 0.9078125 0.1861111109375
1 0.5515625 0.20416666718749998 0.5390625 0.20555555625 0.53984375 0.22638888906250001 0.55234375 0.2236111109375 0.5515625 0.20416666718749998
1 0.48984375 0.215277778125 0.4796875 0.21805555625 0.48046875 0.2375 0.49140625 0.23472222187499997 0.48984375 0.215277778125
1 0.42734375 0.22777777812500002 0.4171875 0.22916666718749998 0.41953125 0.24305555625 0.42890625 0.2416666671875 0.42734375 0.22777777812500002
1 0.37265625 0.23194444375 0.3625 0.23333333281250002 0.36171875 0.23333333281250002 0.36328125 0.25 0.37265625 0.2486111109375 0.37265625 0.23194444375
1 0.3125 0.2375 0.30390625 0.2388888890625 0.303125 0.25833333281250004 0.3125 0.25555555625 0.3125 0.2375
1 0.25859375 0.24444444375000002 0.24765625 0.24305555625 0.24921875 0.2611111109375 0.2578125 0.25833333281250004 0.25859375 0.24444444375000002
1 0.2046875 0.24722222187499998 0.19609375 0.24583333281250003 0.19453125 0.24583333281250003 0.1953125 0.2611111109375 0.20390625 0.259722221875 0.2046875 0.24722222187499998
1 0.15 0.24722222187499998 0.140625 0.24722222187499998 0.140625 0.26527777812500003 0.14921875 0.26805555625 0.15 0.24722222187499998
1 0.5234375 0.3 0.4671875 0.3013888890625 0.4703125 0.3458333328125 0.52265625 0.34305555625 0.5234375 0.3
1 0.5984375 0.2958333328125 0.5359375 0.3 0.53671875 0.34305555625 0.5984375 0.33888888906250003 0.5984375 0.2958333328125
1 0.46875 0.3625 0.5234375 0.3611111109375 0.52265625 0.34722222187499996 0.46796875 0.3458333328125 0.46875 0.3625
1 0.53984375 0.365277778125 0.59609375 0.3638888890625 0.59609375 0.34722222187499996 0.5390625 0.34444444375 0.53984375 0.365277778125