1 0.9588541671874999 0.0666666671875 0.8953125 0.0759259265625 0.9088541671874999 0.2416666671875 0.9802083328125001 0.2388888890625 0.9588541671874999 0.0666666671875
1 0.9875 0.2546296296875 0.9088541671874999 0.25740740781250004 0.9114583328125001 0.322222221875 0.9927083328125 0.322222221875 0.9875 0.2546296296875
1 0.6796875 0.4361111109375 0.6640625 0.4361111109375 0.6619791671875 0.48703703750000005 0.6776041671875 0.4888888890625 0.6796875 0.4361111109375
1 0.7244791671875 0.3981481484375 0.7130208328125 0.4046296296875 0.7114583328124999 0.4546296296875 0.7239583328125 0.45 0.7244791671875 0.3981481484375
1 0.8645833328125001 0.39074074062499997 0.8567708328125001 0.39351851875 0.8567708328125001 0.44166666718750003 0.8661458328125 0.43981481406249995 0.8645833328125001 0.39074074062499997
1 0.5473958328124999 0.48425925937500003 0.5390625 0.48425925937500003 0.5385416671875001 0.502777778125 0.5479166671875 0.502777778125 0.5473958328124999 0.48425925937500003
1 0.4635416671875 0.49629629687500004 0.45520833281249995 0.49629629687500004 0.4546875 0.509259259375 0.4635416671875 0.509259259375 0.4635416671875 0.49629629687500004
1 0.4625 0.49351851875 0.4614583328125 0.4824074078125 0.4546875 0.4824074078125 0.45520833281249995 0.49259259218749996 0.4625 0.49351851875
1 0.7348958328124999 0.42592592656250006 0.728125 0.43148148124999997 0.7270833328124999 0.4546296296875 0.734375 0.45370370312499997 0.7348958328124999 0.42592592656250006
1 0.9458333328125 0.3231481484375 0.9567708328125001 0.7648148140625 0.9630208328125001 0.7629629625 0.9541666671875 0.3231481484375 0.9458333328125 0.3231481484375
1 0.8604166671875 0.5981481484375 0.8635416671874999 0.440740740625 0.859375 0.440740740625 0.8604166671875 0.5981481484375
1 0.66875 0.48981481406249994 0.6661458328125 0.6166666671875001 0.6692708328125 0.6175925921875 0.6713541671875001 0.4888888890625 0.66875 0.48981481406249994
1 0.7166666671875 0.6083333328125 0.7208333328125 0.45370370312499997 0.7171875 0.4546296296875 0.7166666671875 0.6083333328125
1 0.1677083328125 0.45555555625000005 0.1536458328125 0.6129629624999999 0.1572916671875 0.6129629624999999 0.17135416718750002 0.4611111109375 0.1677083328125 0.45555555625000005
1 0.5859375 0.565740740625 0.5875 0.49351851875 0.5854166671875001 0.49444444374999996 0.5838541671875 0.5638888890625 0.5859375 0.565740740625